9665039665
8095895619
8700003961
9372944100
9900244172
9811375082
9881767357
8284977598
8347772512
9674385032
7607769007
9490526115
9490912381
7294036999
8179453021
9810091382
7004360566
9104299676
9431356205
9123985010
9460181771
9400187756
7981300314
7730930969
9937049900
9768199500
9449618623
9102891112
8743072765
9959647145
7903433427
9967684334
9841385406
7045301078
9390797465
9909246651
7569745474
9896470000
9883551115
8226929261
9337139639
9100885454
9666635584
8470055150
8709113912
9871293629
9142262299
8920771041
7678148199
9771481612
9099931865
9873085609
9993083284
9811139066
8130709449
7812885973
9068995060
7581903399
9310008190
9575212569
9953862314
9885040995
8777586921
9916524778
7389288618
9342519983
8349472858
7477582909
9555285059
9649817556
9538902694
9962291322
8889914120
9102205265
9886806600
9591953388
9949409911
9894712703
8790536919
9970162905
8882131495
9999800617
9010137151
9205001394
7875551528
9315923484
9312293402
7016200554
9868132100
7411149629
7020967645
9029111000
9381750591
7319891792
9908804899
9642755580
9204780278
9560255213
7993187299
9235444463
9399945500
9992296467
9991485015
8270351191
9923193737
9892619626
9111196292
8506046969
9999007531
7979914139
9652191719
8434266019
8420100760
9945222679
9899887251
9669111519
9826752725
8961631954
9582755117
9833506835
8944876690
8866260466
7780260364
6304670306
9963028815
8125538556
9948088247
9949014891
9704327264
9667215550
7989114488
9980636130
9949008710
9810793307
9334651070
9849747325
9829342412
7666679889
9131315377
9490909876
9825097779
9686955576
9160500571
9837047350
8956205442
7729036787
9022857737
9822940322
9560898251
9026098982
9111163369
6289848682
9346515866
9849273356
9739006579
9829788498
8178838490
8376818611
8285674206
7908855010
9913195582
9579136395
9499875281
9492549189
9420049179
9789122287
9154002469
9848406370
6383731120
7673990969
8888950748
9967753457
7869558297
9880456342
8779635393
9560268474
9311112800
9849204240
9949162151
9983056502
9845217670
9677095941
9425308370
9619000512
9979890822
7338396396
9488584207
9550771177
9821214035
9892478717
9399792556
8688494603
9845211001
9347989650
7250997006
8275430488
9302558473
9304480014
7319817283
9934612161
9878670504
6232666721
9849503536
9291622419
9823010298
8368431604
9425502680
9726190620
9765498813
9900849969
7654498195
9960156610
9910611860
9345317583
7358623851
9949067190
9004084629
9493529638
8870005020
9407980985
9790067725
9935616543
9870993038
8948443377
8428887797
9398245908
9849641520
9951266990
8949253702
9899622300
9649655655
9314090087
9182871642
9842216024
9448702969
8731083175
9430737324
9748667782
7541997698
8630376589
9717003868
8238372790
9940410602
8883944718
8121337755
7978864212
9999299233
8839118636
9443277305
9443082409
9845958148
9898244835
9345456235
9993176878
9411064080
9444127606
8433965666
6377139563
8754068900
9880533409
9675474737
8939055504
7898173459
8378837111
9833312904
9630223687
9284485927
9965817968
9369707608
8374747464
9739110687
9262552033
9620210506
9441449958
9448853687
8333029256
8825182454
8668155880
7010506430
9967694095
9791908814
9391060020
9452564594
7387774977
9002353210
9899689160
9434198560
9442344774
9717611965
7979734612
8074554259
9813441542
8490924777
9442179772
9845182702
7209504180
9650618048
9166974919
8074971983
9789778937
9443361446
9830036373
9843684111
9910201770
8979276166
9597202553
8555875400
9347070484
8690868908
8800697308
9848127749
8978001550
9440919824
7992254787
7218115246
8106399057
8861186107
9676404448
9342501234
9448275422
9814543838
6200517197
9494678602
7739407772
8292305122
7062953095
9766427331
9255980088
9600980777
9550756970
9494388883
9718925504
8328500145
9879987709
9831241458
6281584592
9885121570
9820191402
8328006120
9846028630
9689599717
8439805468
8005776824
9950218300
7416178351
8500707870
7010520021
7428667382
9922741122
8295263254
9492382420
9384446306
7004658733
7303943614
9505527000
9910133620
9717099927
8425889314
9701264197
8861846918
9849292623
9583125605
9914890023
8080805541
7550143258
9868545226
9966628032
8328449787
9958733133
9989563330
9873679724
8448572713
9810188865
9414250715
9990681973
9481433027
9412801396
9623070616
9848058564
9920220133
8892066015
7089092609
9500044313
9398618878
9910817614
9760701199
9871577411
8809788483
9943555390
9869625796
9904180033
9234333273
9885882292
9207751115
9729003327
7075605042
8309358524
9833042170
7020205056
9711987774
9310744592
9952909919
7061244977
9306102455
9447066263
9121419776
9443011949
9529295508
8168493266
7993815609
9167643309
9542766366
7838426667
9421448906
7014389056
9825135816
6232967977
9030999577
7906516612
7359855318
8356898749
7045386591
9966089560
8580739184
7987864614
9099490230
8690307337
9413185843
9324282986
9719515569
8008908511
9848436697
7013519338
7666395391
9980862150
9667798688
9971789111
9421008400
8682029998
9830065432
8779244277
9791347787
9110672128
9642585768
9345772987
9636787508
7892706787
7991151907
6388715798
9843060142
9330637576
9811175897
9840904539
9422241418
8106800192
7893278400
9000038408
9624743974
9492290071
9414054403
9423300434
7339448769
9443718702
9837038360
9390922919
9440703143
9949766686
9381564349
9588558855
7780555343
9443056744
9849983873
9842166413
9900317513
7411575790
7709346946
9441177526
9049852000
9246489038
9763388092
9810149825
9130096636
9849310305
7766949894
9789418172
9949496878
9876021687
9553956362
9912636276
9124646664
8050579534
9847130472
6366120580
9441589609
9390451191
8919075657
8368699907
8008566609
8610521385
7390922922
9949816666
7263080990
9981236025
7004993452
9176247959
9849324659
8308050888
7989881157
9824475286
7232072840
7908617185
9443371755
9588813939
9732024354
9000910890
9449061454
8248019838
8160089264
9493955574
6369630912
9385486500
9030972389
9414593075
9900713584
6204904844
8939576254
7008494303
9740731019
9871498175
7987424118
7989324098
9810060376
7981964910
9347882528
8886122295
9415215910
9849095057
8527789432
9494071867
8668534932
9154491508
9821045176
9223377763
9702939188
9959895070
7982741823
6289880796
9743055731
7306023609
7359044421
9415125383
9891427434
9811762476
9399106607
9205423369
8288095001
9490017337
7386023355
8237834479
9832699859
9538885152
9347725996
9826678993
7800441420
8903689328
8290085827
8210337157
7489600484
9482573725
9966965204
9908548022
9678244989
9848157719
9930412473
8296447296
9008006446
8178694703
6200517644
9326523626
9438103900
9880697080
9900094075
9930926610
9205025089
9999776385
8521820571
9423200526
9848799160
9425408010
8700913629
9390371370
8708272510
9823478673
9441726812
9663447387
9755000925
9811942500
9505506633
9372389292
9784464828
9246282978
9820707532
9898996952
7735332421
9495967610
9496061395
9811649850
6307772652
9425901480
9537249404
9508783817
7666989804
9434427255
9561237629
7001091029
9437246343
8303792032
9377307167
6392331946
8434304237
9789290478
9810420161
7979778842
7888329955
8827540022
8868012181
9540762500
9446756958
8709194772
7603811148
9963778334
9443035761
8870167331
9899736808
9972488557
8800586640
9810231217
8144343027
9431955408
8758206647
7058823108
9690667319
9999181901
8619496595
8287604572
7081919444
9893020688
9444657018
9420718136
9810069755
9561915050
7982582284
9739977307
7975220058
9167960872
8292367088
9884044044
9947403645
8847357147
8054709016
8825958144
9794923000
7719033930
8309563167
9690020072
8825562361
9448556744
9838613613
9650177488
7568742322
8766378497
9999300674
9810294516
9930940480
8975033034
7082868780
8420168087
9956605663
9884314971
9436013250
9850814851
7995439640
9909258961
9793066611
7435030357
9431544701
9789660900
9588298477
9896692894
8747996572
7022040014
9987081997
9481784008
9890037978
7986013947
9926230226
8851337872
9971993073
9830575398
9205058577
9431342083
6350077227
7769938312
9618895050
9113490578
9596922355
7981300904
8378898862
9880696705
9597622335
8978166729
7874963250
9158982861
7266848545
8237007595
9110793505
9315295597
9100357974
8777825388
9000060226
6586086775
9441010268
7757836440
9931686299
9860094489
9404785950
7396244803
9815652803
7738328787
9218597003
9908624100
9963431015
9391080307
8838270770
9810636442
7347349898
6395774047
9414445490
9284070296
9100173554
9480321502
8360803968
6299625301
9448077967
7229080308
9823472551
9212350059
8619342866
9811903600
9386583898
9849665989
9866428641
7799535999
8319211437
9825014483
9040094871
9439839170
9931003374
9553396464
9407985869
9881736261
8193904570
8879477176
9365793489
9429992916
9265741078
9099003029
9493122061
8603029248
7620830568
9811180354
6202963394
9390162822
9963077887
7464061826
9325370060
8577839274
6383483208
9849807011
9987256063
8355842301
6354107113
8077042220
9705337777
9850209455
9742160365
9590990253
8755701969
8889376689
7991207540
6304957235
9947737194
7022908538
9823976192
7850073661
8818068697
9443033666
6376732623
6261036872
9767736133
9391036956
9831178688
8179399498
7993261936
7017562557
6238447798
8018053994
7507157945
7091096857
9620398283
6901870799
9910683582
9845762323
8114559307
9751205255
9425671181
9619159474
9431162580
8529314850
8799748501
8920319355
9693993477
9919577098
8683854000
9886745947
9866162362
9831209082
9840682750
8072089127
9490400450
7524011662
9845453564
9705377720
7837360606
9167652955
9718792828
9059900285
6310862179
7981337080
7021861393
6284728104
9653875392
9935192376
8004700972
7013135151
9284954370
7416885033
9923889189
9416317241
7906529078
9110384949
8790063525
8698045056
9419403944
9487511075
9414049821
9885883879
9819226982
9100393101
9441578547
9873151567
9963255559
9810977906
8218223904
9744301163
9441611057
9631403191
9685723673
9886623704
9808212177
9890915181
9830194944
9773560338
8341079823
9830081083
7033540111
8302696878
6264065417
9007045851
7015022269
7780509209
8296713780
8018772757
9880036584
8865943738
7729911855
9827477669
7972642528
9719304441
8979837191
7063385017
9810360803
9008482244
9359627821
9951617770
9663176781
9788966271
9811668038
7338162210
7488396505
9939646773
9122225600
9067101627
9596772997
9848996572
7729085361
9840055237
9810423889
9037999977
9811219090
9833808952
9898058070
7095186367
8279266123
9966604255
9073104034
9811430421
8825333725
9866265494
9421582197
7439376632
9880875556
9098527721
9763701688
9342811231
9224351309
9952440201
9482068075
6307466256
8096723445
8928968133
9885826894
8588809545
9073728367
9502341502
9460319841
9810777863
8474918918
9886709347
9442371722
8778832180
7093895566
9922889170
9910711550
9422156706
8390299776
8093232251
9205203108
8420305713
9360589065
9711995434
9951133000
8754969002
7989220365
8790105459
9569790393
8174890570
9980413257
9680178177
9677477033
8610895276
9652574562
9880598110
8149099104
6205799763
7799160020
9886421369
9958408653
8147751776
8800595978
9868033860
9025209733
9324289612
9818223290
8145304699
9989974674
8920968694
8919566107
7428945114
7303233187
7358166424
9886409881
9372416499
9871426363
9871693577
7013895861
9491114589
9944912634
9441019011
7007971596
9346568614
8447900868
9390288521
9044486669
9900095814
9848272525
8005986520
9711878436
9682115391
9901022211
9908269187
8452977690
9848057968
9441280933
9467597436
9866464526
9415020369
8107628469
8830617008
6900181100
9654910756
9962528551
9417010418
6300354423
8530680515
9168709030
8582979982
9880866152
9457718883
9845603929
9932148828
9341250043
9034610345
9945377122
9470196184
9845440766
9989084439
9850098404
9710989941
7044193358
9849323623
9392999734
9886034098
9182358195
9452573271
7651820026
7573020066
8920972539
7980623712
9460689502
9849848102
9849549471
8840497476
9811304687
8074759476
7680076416
9716388489
9060392955
7396795299
7004429774
7548813590
8104505869
9515848484
9876686800
7520227359
9849411526
9001029458
8527752801
8762386040
9100279469
8008400839
7840041824
7078915759
9485176991
9894223225
9951300016
9440958123
9441383760
9951826277
8125606156
8380008111
9704139638
8168674881
9910301851
7895362465
9088243629
9866389829
9868480555
8940693641
8470960826
9290029922
9908822003
8287894518
7674941717
9787983422
8769566654
7986476794
9550666611
7867917921
9490324990
7972870475
9426868293
7661087990
9390294880
9912215779
8757764666
8382060616
9986597651
8126188224
9910392022
9160969941
9334911002
9901439003
9845517968
8218206958
9391216363
9652613888
7994311155
9157928000
7665813840
9760549332
9013577582
9650999652
9755925605
9130050216
9991157876
9405002334
8484005910
9962394675
9235507541
7017189007
7089796110
9993682761
7508265901
9739001945
9491312229
7276386739
9336891520
7505240530
9460202385
9619334453
9849128885
9820919570
7004340350
8981028615
8770826419
7507776126
8287551611
7619576147
9422789621
7895193540
7009226220
9414205801
8588887929
9952961875
9885516168
8102113762
7550036550
7974955303
9490558959
9599715799
9850752840
9861182213
9591473005
9940446779
9425393210
9342250704
8879238248
9621549711
9524432164
9490751111
9285499152
9344243206
9999165414
7058262342
7909042938
9247221188
7022818706
7010635568
7755925172
9500028007
9494677577
7003662148
9910298885
6377533728
9885564240
8986870745
9441898652
9392373805
7995845710
9885448699
8870859101
8056581991
8247695048
9440812802
9866343638
9490788502
9433179279
9752816597
8291620371
7774035532
9461211414
7259000632
7666013494
8050091911
9440595906
9246157001
8309467956
9515192714
9535138040
8892934567
9425416822
9989815813
9903955037
7760484252
9051122365
9142878855
8688516161
8877113777
9130099789
9873724254
9490264017
7875630190
9502992929
7661882345
7404397826
8669898834
9885117207
9850194710
8800778344
9936859780
9810299247
9345366221
7538847834
9392229401
9830014410
7439587292
8850080991
9886773170
8073163687
8270765756
9480448455
7406070165
9886810000
8976552249
7337463681
9811824020
7892802698
8928139818
8306581036
9868021344
9573732494
7037662404
8840311996
9866581865
9373627584
9500945481
8248080578
9155561611
9810025626
7839361129
9746724619
9442812544
8210683391
6392608363
9845152624
9827278961
7021349655
9958777615
8084252403
9600074116
8861382412
9819067122
9486482955
9308315116
8197002192
9822163403
9828021200
9971044428
9870437084
8003291604
7621835156
7483187963
9871484666
9925880365
9628146448
9779737274
9443648216
9779907055
9810545292
8130655738
8334976000
9442255304
9810240933
9616148590
9629748011
9407090104
7488165890
7738075155
9922412960
9671244270
9414048031
8708345720
9619459828
7710037481
9148221207
9885778909
8755165389
9548843266
7667303650
9866228226
7249382454
8340257176
9869217249
7430915886
7829277072
7015221020
8655780491
8897709484
9161559911
9989362424
7666384176
9958005483
9449766870
9434795812
8423448939
8168941386
9811371549
9845929334
8700621460
7776019200
9538967322
9823995397
9426752858
9871811644
7408325223
9412585687
7016264021
9599065144
8762449430
9234560742
9392430833
8088929591
9493121519
6395748152
9753099979
9840478621
7022529590
7338844418
9704398443
6371732875
9099925271
7987919209
9347483113
9611674746
9442778433
9414385024
6303873062
7839327586
8778544292
8287157926
9811714797
7338207123
9825110095
9943949376
9973988666
8008994490
9496267610
6380344981
9930039424
9757005501
9849086272
7719859391
8795483660
7081609180
9440291717
8287167572
9740468920
9941286420
9988882108
9460262095
9828295132
9717140013
8278682310
9832358476
7032659016
9945500055
9176282483
9811117174
8955990698
9306768980
9876151136
9604497948
9341918454
9489748737
8685996767
9606678184
7760000330
8197868222
9699395258
7004001046
9414329698
9819234705
9958599293
7200128640
6202412354
9999215892
9262931008
9430240040
9973344046
9108155067
9673733368
9443044970
7439722016
9988995364
8009439415
9831872447
9980053934
8919092486
9440514584
7380420783
9490110049
9588224233
9819390981
9819436016
9148673873
9837394173
7057914658
9891322301
7086076474
9422618608
9819936016
9305445244
9149665019
9651164433
6203668779
7708115804
7905176980
7091203572
7889403738
7208153964
9898576191
8879419722
9490124716
9871021127
9827048675
8826632827
8340266219
9869250248
9451916006
7506676816
7529096980
9490204643
9394656465
8247737856
9136890250
9669822718
9652670965
9871189348
9410377206
9754070351
9886715828
7088708191
8851640510
7032970400
9470160053
8828329656
8979989939
8328562998
9425769555
9811658112
9389316029
8210854782
7004759175
9845055840
7068224752
7217364110
9911332964
7042507626
9866182664
9352856795
9871996255
7259511511
9966985114
9327154156
8299535743
6267868622
6291267834
7024248025
9810352585
9481920076
9813447001
7765094189
9717501192
6202830461
9562946215
8954993866
9827320340
9989735583
9182102604
9693440630
7511192666
6203027189
9305296711
7972237318
9703632918
9991702175
9663133188
9826127700
8717989456
8608712485
8220492746
7719977254
9153160784
9028307326
9789282095
9892001381
9758292939
7275881006
9813713741
9112491147
9435032376
8789516632
9883180850
9520349935
9664496931
8133091079
9752741801
8780178393
9253929592
9848596695
6380775939
9986483219
9820026843
9899480208
9811899506
9880580547
9330428082
9000448884
9440345980
7780926144
7978179549
9047015333
7630872241
9510783398
9408705226
9051428666
9205143171
7006722538
9836333152
8698002006
8519907148
9511319457
9835929871
9849024414
9006194551
8700663935
9849211759
9818583311
9621896540
9422271582
8171433966
9936938828
9490436731
9905668129
9493230977
9492978803
9846701024
9959530053
8757138333
7013552152
9848417450
8464965363
9849063638
9963837213
8285503325
9490113882
8220267097
7876123570
7992425341
9628996600
9827019571
9818741672
9441858201
9440519319
8408056114
8754578400
9904956644
9418038400
9294569634
7989585185
9073206448
7999354258
9773143720
9810157404
7618606179
9420688231
7720002787
9831593111
9849654574
9825369199
9998007821
9429420419
9414246516
9916901101
8447207946
8142499925
9347533500
9848104750
9493122694
9490366538
8927600323
9769302469
9537511001
7985831356
9352944560
9518959523
9733161781
9701294837
9406553221
9866195755
9381458883
8290952655
8297570358
8688120509
9908200131
8247097469
9912988988
9955856452
9831881356
9030286426
9899899716
9419181186
9943779185
9319957333
8210482996
7014370247
9965586921
9811852520
8009993888
9740329007
7799393898
8368136711
7019209263
9468075392
9389444797
9645674415
9953648934
9847011555
6207444258
9784715990
9944376358
9840031416
8309149081
7722087445
8248736869
7610900012
8755882964
9811235048
9346679347
7899592737
9019106714
8601337590
9427127748
9447225838
7019270561
6209207993
8800595840
9543646463
9331027251
9025708143
9562933122
9929593363
8925295362
6204833831
9650660907
9826592393
7738205712
6383195240
6377079159
9880497292
8072630842
9757293520
9557003666
8586077466
8787803069
9892953164
8800548989
7908316790
9712724657
9100284668
9971479969
8130589507
7065418181
6307507944
9022248640
7597665766
9417052500
8210550383
9945327149
9637873344
8102457338
9490592305
9899014158
9870498036
9044169127
8019271417
9116874047
9978406331
7783858607
9871987979
8088004541
9943387339
9444942791
8349996747
7838099486
8875883311
9840951910
9923628600
7762920157
9522201420
9431187479
9318345584
9900572121
7669177188
7000859734
9739010947
9099937253
8875149840
7994829720
9689944480
6264148820
7262035657
9782805001
9845689344
8130222499
9907176034
9848045536
9840391530
7382220405
8074653525
9650457855
9361075634
9305021224
8218700954
9444135958
8797328779
7439241647
9440485682
9444262003
8826726400
6369889726
9548190290
9717298544
9456032184
9925508487
9686687829
9443288567
9558446978
8768832709
9854315603
9490173435
9486828898
8637463794
7009685102
9620303454
9304460820
9121602035
9895312200
9453020754
7997412188
9741737425
9935067693
9873411931
9447908002
9928002498
9436473280
7760123002
9901883485
9443406737
9629795044
8709337513
9472959448
9999297153
9490144245
9542980801
7016401527
9789078282
9048282828
9899613371
8210555088
9246422434
7022667159
9242423411
8299847954
9461156507
9765759019
8777586217
9819900212
8334816567
8082575083
9163484979
6201019074
9448248135
9813159698
9935156280
6302723006
8697001744
9831613379
9372884472
9771108455
9043538599
9443446441
8860923232
9073009893
9434250902
9811687352
8989792741
9398170160
9811020710
9769965063
8986631263
8209836702
9862494522
8806420616
6201240770
8789748404
7903752572
9148529259
9437232151
9861164011
7528926444
9414275957
9812040370
9974064052
7005672215
9175284413
9897719355
7773075915
9588486580
9704679994
7717705782
9448231952
9304299603
9650305609
6206617810
9899317672
9966229274
9739904011
9945529519
9425234333
7981441080
9064225515
9866319891
9123959102
7003149748
8168705709
7044949325
7837010666
8690921835
8851028024
7006862027
9523003171
9849746472
9906083300
9634274842
8106230998
7069778930
9325598240
9440238387
9718224975
7977149575
9655230869
8583984787
9326700649
9986697776
9822723840
9459023278
6206211677
9225527269
6366227227
9560219578
8085093759
9336093367
9481116364
9880833889
9419112240
8878317174
9845291600
9500080206
9650543302
9850821658
9784597567
9910398434
9326330679
8905309441
7777942977
8171341630
9981123166
9384250998
9876300298
9306760073
9784599566
9419132166
7058962099
7052715196
9880392725
9849241954
9427062272
7838111118
9560180647
9757018446
9207039949
9433400096
7604917065
9760460462
9849391275
9425254323
9848578011
9810532787
9342234015
7046954409
9962742867
9639229065
9821496109
8527300880
7905369398
9616580222
8210109421
9548104751
8588881685
9123568889
9449788147
9354037883
7858951744
9893437644
9811045184
9219180176
8610324723
7764946316
9961123223
9789260998
9787983422
9152293824
7030550099
9818621109
9945278779
9079096300
8319191868
7339788368
9820863458
8317046478
9926083564
9901741742
9810983715
9668685963
7033970508
9312318683
9711310031
9982607954
6200038829
9354309109
9039385331
7806039669
7278100000
9831393356
9915070404
9868263201
9810415902
9557766961
9915225306
7736050211
9082133247
7506448618
9810915423
7763807355
7240184579
7982526680
9830493214
9424900512
9910401448
8678928732
9481810491
8077027107
9796687998
9435165265
9490469564
9899888909
9888676260
8209162529
8757307377
9810818245
8096321721
8050328378
8855974327
8789978460
9540066799
7766834875
9265798033
9944547596
9975861523
7982299190
7678077442
9488154875
9689070838
9625454711
9720323444
9922771508
7226085956
7028755500
9311327374
9825331160
9975224400
9429062654
7668263667
9848281114
9673222076
9911420207
8977659166
8432099999
9500841514
9555123705
9702060620
9095389282
9033260797
6203924729
7702022142
9677225032
7447447760
9866431133
9687551100
8639496645
9044959779
9935362636
8299522798
9463604681
7588013336
9980527279
7066717053
7550002370
9415376021
9970510689
7460963172
8464075715
7763807775
6388383127
9921011800
9448695733
9968346600
9717486583
7506117718
9404947744
9027954901
9119081521
9555219227
9310003281
9312434776
9339911958
8459839776
6354867710
8092813002
9163392000
9440377657
9474546154
8056341848
9900442540
9949415956
9886298780
7013229945
9014623668
9810277835
9795767857
7061524091
8668437514
8454892230
9963375557
9035492032
9581829919
9943249348
7680044364
8319740548
8419901400
9766661937
7015480921
6383919708
9419007004
9432587576
9843821519
9629212969
9824062736
8789983979
9441155262
9625257855
7013549706
9664639798
7765081186
9811295600
9156202762
8310376232
9836231042
7837310265
8826671072
8889289971
9848163277
9643973760
9437237822
9677417668
7675998431
9866238952
9867097934
9797363784
6261421547
7338179933
8334088688
7017711642
8779682566
9076606407
9629905076
9923258787
9908568693
9897673205
6299322827
8448698354
8222811532
7004935736
9005545560
7290833350
6353924607
8008118496
7357751234
9315852304
9305116671
9328197668
9600266233
8224823221
9812273790
9830953320
8719070369
9729063100
8004721495
9162335330
9520638909
9048185151
8288003503
8754152716
7747010127
7022936111
9843169356
9082626244
7841043635
9823114098
9431005500
7897774617
9300746930
9356823712
9989029094
7027099628
9473556350
7489271229
9831392193
8130911245
8789563942
7021935824
8830735839
9834624338
8328297639
6387936868
7740973261
7856991357
8870075851
9999673201
9442190010
9586898310
9873411822
8415856017
6305698710
7083516005
9810101930
9626134200
7209000785
9353657758
7016282364
9915015054
6267687770
9415690789
9840895640
8810389503
9965091519
9989915898
9811100139
9422037361
8850794778
9007938888
6205404826
8318207952
9865258037
9053266226
9979879191
9842728085
7904564342
8309534861
9901490933
7439710978
9354416441
9704234059
9151282880
9932082244
8291686684
9440024602
9392743926
7003979995
8240600081
9021690364
8104895561
7003509710
7905260207
9559818973
9445234571
7972469517
9925210316
8178353948
8826361231
8318829910
7668283021
8210880939
9013288513
9769938749
8825988472
7887881236
9448282154
9812760118
9466834824
9939819995
9486493696
7905894307
7530052386
8971144333
9205624313
9000226099
9825154433
6299107664
7621910001
9031443656
8299155764
8869868992
9718356208
9820344084
9962430268
9650990540
9570118485
9315564894
7029810844
9896336359
7456011299
8228027901
8789381702
8290466777
9013131414
9136658663
6204003853
9084328505
9463336383
9751555076
8849112628
6396004129
7708979970
9810382018
9065407635
8005924072
9566190463
6389440385
8985717171
8597384369
9560036766
9986414764
9908729664
9821349008
9811294639
8369132554
9900098228
8857841644
9545509842
9894689676
9817672828
9964211133
9717940040
7227875814
8209526181
8853758107
6305300740
6371688288
9560613815
9312936001
9820964849
7206446948
9911104509
8368218550
9920657135
9980724724
9908480270
7092763007
9986532664
8838048614
6202814712
9467160649
9390936112
8639039601
9589117928
6203367241
9667768519
9035166032
8777204139
8218090631
9994428939
7903981493
9493138871
8306899368
9491632290
9142208365
9818211525
9442055780
7711885589
9997799680
9731254312
9158006210
9896350842
9811473961
9566999559
7428933028
9569503645
9945996766
7645955906
7028006085
6387265569
9116608932
9431389742
8983835151
8383854538
9903512729
9919378930
9849130362
9879153439
9952616335
9866247510
8420561030
9650013479
9754363322
9717385504
9962097710
9330083228
9922836413
7060221129
9929073506
9908033241
9994178087
9316513904
9825076211
8433836236
8340563042
8986871257
9650300481
9934296337
9100186207
9227756411
9347184978
9789150512
9462600091
9598151600
8894448589
9092867153
9168093202
8072903133
9523739204
9494583858
9819948920
7204607399
9096040880
7301115553
9897809416
8500002543
9045092748
9821383222
7853973423
8105419779
8849638453
9054176161
9721333397
9591234802
8057655246
8579901770
9246545941
9840681722
7979993080
9958644392
9769175115
7461909323
9971336048
9764504386
8762734087
9486075536
9828031103
9442527780
9840818812
9949559339
7417120378
8102714200
8971445223
8106095996
9148361958
9140561093
8962847810
9685833369
8056791462
7893666102
7007798895
9920067889
7855880663
9949677817
9566529164
9740025249
9849884326
9425357545
9000230945
9345453808
9790627395
6302152129
7738675705
9561630001
7992460560
8328049037
8299650261
9573401063
9290571101
9911626824
9729175715
7397814944
7395928410
9234511374
9415883205
8764208700
9441950432
9845199690
9922501127
8504088123
8639331351
9810974020
7355974002
8210692288
9470597877
9868959609
9080403998
8810588158
6377953948
7017793169
9084857133
8790370123
9595898486
6283706612
9008294866
7838512507
6302490216
9415125491
9155382124
9741089717
8825585965
8827721401
9978402359
9599128851
9215001600
9392131294
9794869528
8490945960
9342970272
8957495725
9845477324
9727916040
7763954433
7985126930
6362984856
7002600422
9426249765
9359799062
9650992873
9908142199
9423502431
9022496857
9492463664
9718519472
9799011080
8240776122
9829316857
9795769695
8207570629
7014660332
9879021533
8610194709
9550376533
9958584318
9789101417
7022118361
7249041241
8837061648
7893011104
8778713909
9075009459
7997616934
9766687822
9822303558
9894546294
9436534064
9952660610
9247741296
9786510074
9559877774
9850345985
9693461054
7017875248
8866033220
6009176458
7976291846
9515287213
8008447836
8807610016
8012356475
9487713120
9223304592
9923256047
9022855562
8805822330
9321484276
9952445358
9486682155
9420880622
9971119001
9920614483
8077404602
9833320228
9842731269
8297316253
9869241876
9989330336
9009825491
9746896661
7525014517
9960246000
6291462330
8920636183
9999754132
9831842568
8368329627
9935526672
7247050584
9361018831
9936054740
9372530600
9831968525
9321693798
9328200745
7795593195
9363033323
9025292359
9620941007
9247628751
8838483505
9205215435
7980970471
9618426635
8291923939
9443035761
8879192218
7999798900
8800542660
9818195454
6303591525
9435311645
9474747133
9818563800
9462134265
8826322234
9167551376
9009907596
9952326256
7023463344
9426530688
9842990789
8098807789
6369743516
6381035154
9486925017
9412973726
8896500500
9372561590
7017114745
9985056285
9079524365
8106028169
7799874225
9848313858
9534716110
9900142993
9247259703
7799162815
8448567811
7506061821
7989124474
9490469181
9880193648
9824210101
8949289030
9488342021
6301481120
9811031196
9381053723
6239084778
7231984270
9442453861
9985509229
9835848120
9824533304
8688449979
8558855781
7488431135
9667431417
9034543543
9717098701
9440585988
7798928869
9550223947
8688678888
9328002381
9849909163
9880079601
7070370511
9818941865
8980502661
7803060852
9445909063
9168932539
9167259682
7408056522
9811312135
9443748870
9989314668
8800606276
8340472240
9340123126
9600102915
9545339751
9984146190
9443377638
7994311789
8826509991
7020057554
9441096214
9205382196
8302911818
9410390213
9971337139
7042403499
8872247394
8860070425
7972545690
9160113888
9742527520
9868260095
9033935876
7223999625
9811909717
9608282015
9415090090
9521650616
9752374031
9989015749
8826663576
9493986421
9313439553
7033589403
8639237445
9989786359
9118861141
9407981396
8825905019
9881136146
9885154044
8319627970
7715984419
9821340350
9742205458
8149076503
8080628251
9414441411
9392855083
7905648333
7061150063
6281218138
8709337513
9462255556
9638481907
9899996881
9920242407
8374889979
7981735979
9885832739
9566197590
9443596115
7668337161
9943559395
9431330840
9487489233
7903902819
8871937873
8520038817
9966066596
9488494259
9664315458
8650547233
9837053141
7376016365
6301640380
9866818369
7981311483
9823587176
9910998453
9214461329
9772061329
9472454110
8421450006
7810095845
9414514115
9799296488
6364650644
9843421429
7349931344
9397851484
7599054445
8754231856
7870150434
9418061810
8754638030
7060901066
9400059544
9831088284
9919248388
9848571620
9958903828
9392394683
8946095375
9704474364
7897747360
7668661906
9167037799
9734469229
8157057604
9947269031
7042264912
9080143829
9212972287
9461694879
9500777781
9011089828
9440235136
7780562134
9824175488
9825099663
9492433257
7978615007
9404835730
9654972350
9705291470
9973445612
9949369643
9873019824
9810529340
7701890980
9182135995
6202577291
9372542521
9676474949
8668277417
9163311995
9312574908
7850038980
9431472185
8306577352
9951416142
9972004455
9595958843
9248729555
9422446370
9515124067
8178741001
8651434917
9942731308
8367687999
9911642908
9845420665
8511767813
8790676868
9647272456
7893241844
7408811593
6264837600
9994752008
7593044090
8076366628
9775997470
9536539018
9880647476
9631220680
9171931717
8249440499
9513474576
9969452690
7617217409
9866565847
9890797757
9969228521
9064224899
7898797679
9490343474
9463604346
9416296521
9818706377
9328556238
9989562333
8226004440
7281948899
8669753057
8527571515
9823185963
9831745152
8851929659
8218736526
9392788888
9871106558
7389929205
9425537203
9979866007
8897499977
9819106292
7601043467
9928933623
8979763398
9034685368
9118694160
9823020286
8586965409
8310021485
9833696184
8383813618
7569333845
8619550047
8639275209
7893000335
9414075092
7386863636
9390497019
9025667712
7822099787
9940366564
8390917555
9929655653
9890767623
9784733648
9711008423
7413981580
9024744955
9818383208
8769754038
8840402808
9443967567
9717125390
9632971558
7004492009
9413692465
9836121664
7007935501
9521427601
9443430247
7976432440
7977079388
9416514450
9938653370
7045869062
7428016249
8219365031
7259594971
9436843882
9790005121
9676236844
9177646537
9849935818
8887659394
9500070616
9910917902
8266058898
8104724677
9840965157
9731730700
9821339779
9177184455
9440869934
8527391306
9440293910
8511499150
9609011775
8903540701
7091197990
7004731866
9826187756
9499058410
9445979320
9886363226
9818335049
9948043662
9510149843
8850059944
8754956161
8920262983
9945561769
9650044886
9447140962
9398109176
9842221857
9407981014
9828043637
9248653345
8091400004
9082895053
9610156963
9873720522
9100643608
7070457784
7989149591
9448247857
8850928667
9999431385
9972914295
9121322504
9810215599
9742850003
9407197355
8390251522
9742050654
9949119995
9448115859
7898349847
9920872321
9137386398
8168184650
9989168838
9425551122
9693354872
8937050555
6309335938
9901893665
9729042021
9414441411
9840366889
9849351936
9873702312
9985309441
9440749485
9096854970
9441271017
9421591567
7499133930
9958124448
9868539578
8685022838
7013102471
8104933093
9425190348
9324175137
9769128526
9956165826
9743352828
9400420719
9493123084
9390040880
9428207207
8374774670
9845183251
8209403864
8459889905
9730085185
7988204539
9441277278
9041099500
7259514660
9940084982
9470983306
9490478945
8319897711
9868569597
9785086656
9949852621
9849081729
7013041238
9978985154
9811266092
8873270663
9673166370
8368468984
9925805588
9891178968
6380292614
9307099927
8877764808
9460512369
6359247355
9729020606
9600096009
7042357950
9068295533
9151596299
9850428124
9557899407
8825135009
8000371256
9799119519
7995165557
8955548889
7624903339
9425137499
9636316858
9454304060
8090241924
8930945678
9021505524
9441320665
8341131996
9655208704
7782923530
9468886051
9324336306
8690920848
9810057660
9866088389
7981942102
9845537328
9248136444
9987671309
9849371588
9905749124
8521882788
9483512211
9640683149
9663964816
9849773724
9429641426
9437280124
9926363987
9004474812
6309549156
9350957908
9611694252
9167027374
7020454879
8074781322
9441528340
8248169550
9810199783
7753981555
8433126881
9443228460
9711137796
8000223917
7017668010
7992441419
9443249996
7484924722
8408060679
6205468356
9072353034
9391055111
9177743939
7015850755
7330696464
8080687629
9820947882
9304330624
8126882790
9110728813
7000255258
9729949409
6203658835
9752150070
9581623763
9298406500
9540540232
7396333345
9919599141
9473810205
9870995987
9989948699
9849444427
9404272772
8999093736
9838934925
7597175305
9689621868
9052894444
9869388450
9538294040
9503339757
9559566795
6386913347
9696602724
9650253835
8982303600
9446607878
9656620522
9855579760
7279879999
7505748330
9810441300
8409080793
6302526126
9729009690
9910352432
7490034633
9639917439
9922433560
7901222267
9693007146
9810048269
9172999990
9824534832
7703802740
7357498147
9215880013
9347366080
9643114304
9441492433
7309901263
9182283535
9640566617
9871127773
9344562760
9133116291
8500114563
9848376276
9910780862
9975329507
7096641884
9894294209
9381821847
9283418686
9622443344
9435039820
9822025827
9985567804
9422768099
9000918396
6281919183
9719637216
7902355430
9346869142
9829088906
9585529413
9643114304
9831054305
9454304060
8059844250
9910045641
8800908242
9131648947
9650734442
7683054773
7680016829
8527098627
9673926998
7349637484
9866389000
9605889520
8860925456
8978846141
9815616747
6395362657
7004697845
9451915458
9417076721
7906485543
7681011863
9910154500
9830160905
9491310568
9441489979
7988653461
9003773489
6203493372
9443377851
6381064958
8860290907
9065518755
9611763510
7223880689
8197770385
9422493573
9828096687
8861561688
9739199982
9815322776
7905396724
8780467253
9472394251
9824526626
8010635348
9886582229
8698000154
8798039667
9650980444
8008057799
6238857180
9425188669
9811476261
7558255237
9838020206
9965432605
9546553614
9748992311
9353727189
7004874480
8295905237
8287315970
7598027706
9999401094
6309877033
9885103789
9032088211
7728820362
8936041136
9246340159
9946662325
9574857105
9983652516
8779584614
9920538023
7995255855
8431615084
7011224520
9148972848
8220152053
8861586258
9493925959
9866639440
8200426988
9866155092
9730666669
8076190369
9440364199
9892057830
9949296135
8096288054
9871092619
9456444755
9866485551
9182146424
8827112721
8859903222
8296264640
9701150840
9476316130
9392178833
9701245679
9925702630
9820980844
7800313734
9495244831
7499101586
7479569786
9508739755
9450625010
7388339828
8178099300
6376271102
7906322184
9426513426
9818371863
9372824609
9677348301
8276808858
9884054506
9177790333
7491845442
9868481484
9351521207
9885662596
8886122006
9995886987
7058387125
8816018854
6360516006
8008735026
9740244705
7676791010
8392947776
9695522771
9980326540
9867307715
9890941334
9448726439
7353052200
9830475309
9849682700
9443540555
8431519411
9822058240
9894104758
9001029949
7042922447
9434346323
9966600416
7439587292
9989362424
8850080991
8073163687
8270765756
9480448455
7406070165
7666384176
9449766870
9886810000
9434795812
9811824020
8423448939
7892802698
8928139818
8306581036
9538967322
9823995397
9426752858
9871811644
9868021344
9573732494
7037662404
8840311996
9866581865
7408325223
9373627584
7016264021
8248080578
9599065144
9155561611
9810025626
7839361129
9442812544
8210683391
9392430833
6392608363
9845152624
8088929591
9827278961
6395748152
9753099979
7021349655
9840478621
7022529590
8084252403
8861382412
7338844418
9819067122
6371732875
9486482955
9308315116
8197002192
9822163403
9828021200
9971044428
9870437084
8003291604
9347483113
7621835156
7483187963
9871484666
9925880365
9628146448
9779737274
9611674746
9443648216
9779907055
9810545292
9414385024
6303873062
7839327586
8334976000
9810240933
8778544292
9616148590
9629748011
9407090104
7488165890
7738075155
9922412960
8287157926
9811714797
9671244270
9414048031
7338207123
8708345720
9619459828
9943949376
8755165389
9548843266
7667303650
7249382454
8340257176
9869217249
7430915886
9496267610
7829277072
7015221020
9930039424
9757005501
8655780491
8897709484
9161559911
7719859391
7081609180
8287167572
9886773170
9958005483
8976552249
7337463681
8168941386
9740468920
9811371549
9845929334
9941286420
9460262095
8700621460
9828295132
9412585687
9500945481
8762449430
9234560742
9746724619
9493121519
9958777615
9600074116
9704398443
9099925271
7987919209
9442778433
8130655738
9442255304
7710037481
9825110095
9148221207
9885778909
9866228226
9973988666
8008994490
6380344981
9849086272
8795483660
9440291717
9988882108
7776019200
9717140013
9986483219
9820026843
8278682310
9832358476
7032659016
9945500055
9811117174
9899480208
8955990698
9306768980
9876151136
9811899506
9604497948
9341918454
9489748737
8685996767
9330428082
9606678184
9000448884
7760000330
8197868222
7978179549
9510783398
9699395258
9408705226
9414329698
6202412354
9999215892
9205143171
9262931008
9430240040
7006722538
9836333152
9973344046
8698002006
9108155067
9673733368
9443044970
7439722016
9988995364
8519907148
9511319457
8009439415
9849024414
9980053934
8919092486
9440514584
7380420783
9006194551
9490110049
8700663935
9588224233
9818583311
9837394173
7057914658
8171433966
7086076474
9936938828
9490436731
9422618608
9819936016
9305445244
9149665019
9651164433
6203668779
9959530053
8757138333
7013552152
7708115804
9848417450
7905176980
7091203572
8464965363
9849063638
7208153964
9898576191
8879419722
9490124716
9963837213
9871021127
9827048675
8826632827
8285503325
8340266219
9869250248
7876123570
9451916006
7506676816
7992425341
9827019571
9818741672
9441858201
9440519319
9490204643
8754578400
9904956644
9418038400
9136890250
9669822718
9652670965
9073206448
7999354258
9410377206
9886715828
9810157404
8851640510
7032970400
8828329656
8979989939
7618606179
9425769555
9831593111
9849654574
9811658112
9389316029
8210854782
7004759175
9845055840
7068224752
9414246516
7217364110
9911332964
7042507626
9916901101
8447207946
8142499925
9347533500
9866182664
9848104750
9490366538
9871996255
8927600323
9769302469
7259511511
9537511001
9327154156
7985831356
8299535743
6267868622
6291267834
7024248025
9518959523
9810352585
9481920076
9813447001
7765094189
6202830461
9562946215
9827320340
9866195755
8297570358
9989735583
9182102604
9693440630
7511192666
9305296711
9908200131
9703632918
9991702175
9663133188
9826127700
8717989456
8608712485
8220492746
7719977254
9153160784
9912988988
9789282095
9892001381
9758292939
7275881006
9813713741
9112491147
9435032376
8789516632
9831881356
9883180850
9899899716
9520349935
9664496931
8133091079
8780178393
9253929592
9848596695
9419181186
9176282483
9880580547
9440345980
7780926144
9047015333
7630872241
7004001046
9051428666
9819234705
9958599293
7200128640
9835929871
9831872447
9849211759
9819390981
9819436016
9148673873
9621896540
9891322301
9422271582
9905668129
9493230977
9492978803
9846701024
7889403738
9490113882
8220267097
9628996600
7529096980
8408056114
9394656465
8247737856
9294569634
7989585185
9871189348
9754070351
9773143720
7088708191
9470160053
9420688231
7720002787
8328562998
9825369199
9998007821
9429420419
9352856795
9493122694
9966985114
9352944560
9733161781
9717501192
9701294837
8954993866
9406553221
9381458883
8290952655
8688120509
6203027189
7972237318
8247097469
9028307326
9955856452
9030286426
9752741801
6380775939
9943779185
9122164721
7340112868
9969199184
9886142107
9380101476
8920682626
9566640883
8920844767
9008514934
9811180258
9940663403
7905959989
9109179748
9600005340
9819157211
9072740016
9894966224
9773600410
9523133022
9025705058
9535181262
9717358286
9566384751
9523960790
9818439261
9818499169
9438504239
8076344502
8102137893
9443745990
9873078574
7481977070
9840383885
9958766336
9483974064
8299414769
9945048760
9440272172
9123704303
9924104045
9669954545
9156545747
9818707720
8527082849
9620320524
9867220130
8918210475
9873599019
9811279077
9443099717
9411326152
9092239797
9834044354
7017859684
9773632203
8794224290
9442108878
9640875699
8056053665
9866288399
8368491471
9023544782
9818492866
9506587545
9327015402
9718213343
9441231166
9997464555
9324192766
8247696574
9810068527
9419153579
8107692789
8447894268
9437135521
9886793989
9810044262
9495689879
9410390678
9154571777
9885956728
7011490628
9119069099
9810847842
9756482240
9811552517
9354211791
9676547953
8092087083
9606589167
9632343702
7708314762
6200448224
9958739022
9903243801
9017632900
7347527253
9831132887
9324704674
9810381670
8939780185
9158758263
9519923773
8290672716
8283064782
7489711483
9414491733
9811259038
9431471761
9958846677
9313126695
9669062855
9958817275
9677167862
9910193931
9818353649
9600074074
9312256008
9513502475
9654310500
9443803425
7684809514
9840835306
9304551484
9414782703
8879757412
9414109149
9811723937
9663308213
9316233297
9667852960
9996223726
8824344405
9845822782
8547270805
8619660594
9987082324
9845961934
9845190376
7489049829
9559749934
9945399775
7991175416
9785277745
9034840400
9051032210
9998983192
8384821679
9301043933
8884501983
9845039042
9820035546
8686518899
9866747700
9516859446
9871616544
9013245284
9783812628
9873632410
9001497577
9771403135
9689948354
8294329227
9902017158
9832495545
9495349881
7401231239
9414076283
9542422030
9819040045
8199918939
9811587180
9860255495
9903974107
9739752904
9833011399
7338034111
9850900828
9425424660
8605413196
9990009311
9709532182
9899983155
7358095806
9447070494
9901750014
7829687276
9810877061
9669396718
9901994853
8953391111
9763187497
9701848380
7678669897
9877404034
7558256788
9894623080
8886780044
9650196333
8300799509
9818674080
9836055757
9650994454
9868158728
8279899316
8130120735
9443029787
9780749354
9669200739
9805153263
8755858900
9797104443
9986086036
9818342525
9368055182
8217085960
9125540773
9848490003
8376052125
9873832566
8826755110
9866330170
9911141118
8527477171
6301729255
9632856960
8870720999
8588999890
7021561104
9673007656
9971937662
9234461097
9886627490
9406964262
9871022831
9449051328
9360642225
9925279291
9560939549
9845675180
9444990271
9910522600
9022496085
8383060699
9810507258
8561992924
9004497691
9841035888
9711455990
9899540426
7903188104
9118011554
8291415263
9354121998
9810202993
9315018376
8076090145
9895715030
9880987891
8376929598
9440918751
9440158428
9891543006
9953508820
8770321001
9008307171
9841405374
9996262628
8108173710
7985553692
9315644482
9582408582
9487539536
9111997774
7674083576
9110627628
9250473042
9820511373
6386766996
8329187472
8210352864
9810508099
9250005877
9886116234
8851259702
8130980697
9092020151
9829012469
9177222912
9810560110
9653205304
9998967939
9879103161
9940401972
8290770213
9542933133
9025812317
9634195059
9843434440
9920306302
9904772606
8287237122
6363973153
8296580626
6204443952
9886569009
9599311221
8763510426
9591126872
8287251592
9740433994
9449316012
9900866995
9106768408
8104315667
9871167700
8053830760
9871081698
9307522644
9314632258
9213176891
9871877779
9871157803
8459280809
9884111571
7735671542
9930046288
8102507384
9547756156
9624668822
9949237756
9995882375
9822401744
9841632251
9432150685
8377899867
6284703853
8238048505
9819064577
9412040211
7058631985
9999593162
9910748435
9943062354
9867561944
7067317140
9246522778
8179550260
7095775561
9848190810
9845853112
8210768969
9936330022
8530542329
9423746704
9789771882
9413782969
7620144777
9967457015
7899100608
8688716562
7087514224
7900071322
9810144024
9466130512
9725850352
9868952115
9911094787
8533820112
9790593973
9467186500
8879007781
9438397137
9745777178
9432052005
8588864264
8860588365
8128653822
8454044423
8929651025
9885269830
8828425101
9743005250
9845844652
8303513693
8208268383
7045703946
9825149064
9951795467
8825665949
7899133257
7979756770
9830782979
7875557818
8283817370
9990661684
9741191749
9891399032
9437355156
9880869179
8171223456
8851596903
9412703506
9886098130
9845130398
7506561721
9892525069
9885074499
8197057594
9833105309
8222095526
9108475940
9453220007
9417107003
9842780722
9810531346
7091136168
9632298802
9811100498
9425831055
9844215764
9904629555
7065314866
9948332626
7673996695
7619671115
9041377494
9225802685
8176875896
9496805717
9880693665
8348490310
9566076411
9998967907
9940367730
9924433923
9742374111
9302286449
9336211498
9920740879
8879792838
9810609339
8791890091
9456448854
9810241569
7200920005
8349599206
9946603366
9887986062
8517998389
9717053915
8887751799
9315353641
9108570002
7767872758
8378989068
9566939045
9969728631
7019426460
9047777044
9881461787
7393083000
7506228987
9836065409
9839482191
9490932803
9560286629
7087573139
9313806197
8862973216
9967950022
9444917483
9810308757
9603169026
6000074496
8294765303
8618983796
9880845003
8475008123
9810530628
9900966211
9739924227
9703149562
9999833363
8521849234
9350435658
9632038908
9433060128
8709487004
8369353621
8619263507
8595620075
6388674665
9686270688
8884276819
9440040351
9099815637
6362018213
9946667362
9810156451
8107965810
7829195922
7891277333
9820551624
9711732573
9347907080
9555156878
8978989842
8619202396
9880001353
9810418279
9430778384
9473199481
9927900116
9811277714
9987673229
9620274680
9980320630
9849133468
9969321964
7291043441
9433279509
9873922734
7674828049
9789493355
9441117119
9324742607
9418941156
8899968448
7976047603
9916904515
9789097056
9411956551
9991325117
9812045556
7702635515
9842324774
7986740667
9810670043
9798673758
8178760175
9726182928
8309275118
9098083486
7339215493
9845251514
8317098148
9304917909
9899227191
8874334499
8949732101
9437391085
8219750530
9431169800
8859997477
8851613984
9988825622
9013398702
9835413445
9818662162
9450016013
7674974551
9871083183
9548710730
7619136052
9596712344
8826490227
9830496343
7506273875
8000799448
9810502863
9434188488
7544002390
8240365776
9871384594
9312266003
8724012268
8851458638
9412051258
8639212693
9177194567
8284871059
9670947745
9490703889
8005319325
9896032367
9871484141
9878317745
9443383328
6281241294
9811098272
7906453707
8160344525
8919323763
9911336650
8588952458
7982809536
9300070176
8126461199
9818569759
9486148490
9840004848
9916374377
7014206826
9953229351
9306039454
9826085636
9355957126
8861374523
7428874395
9818194536
9119600899
9326150994
9008065587
7003809792
9013134769
9959254109
8210661503
9704661327
9958400255
9916174719
8092220894
8127385223
8368831314
9740014000
9985360685
9881549912
9819929915
7588638401
9461136966
9899980328
7742038867
8951621907
9897886333
9500076936
9742334238
8310949784
9419192652
9865000187
9748437945
8861796877
9413820911
9304410771
7318374333
9811179076
8617220703
7002413287
8369469507
7744053770
9414413446
7598563977
9890817212
9811394519
9599496366
8008526706
9945115689
9825023615
8700374780
9654991507
9655711155
7052877001
7016719186
9328955421
8828191032
8800127176
6303177943
9890771115
8939759289
7463949313
9132269132
9867748560
6307378959
9969436033
8789582485
9167446806
7021085213
9344343879
9994694596
9414288893
7678605936
8168907397
7840880204
9962166694
8112216645
9619415263
7095002255
9560157488
9634929248
9899769712
9342604411
9004476959
9532291900
7988976737
9695007210
8969942749
9924148970
9742962906
7738843695
7506399410
9790625925
8016346582
8800994248
8790122003
9334556211
9986886275
9969550949
9990312400
9810814752
7588559005
9811134546
8340504020
9987075156
9996662222
8130543790
9821989986
8287066272
8077436696
8292186249
7011318378
9755007979
9370469295
9910037159
7305274482
9035832102
9830276093
9445170454
9038001656
9392422475
9442421339
7985325044
9821233155
9903030189
9700742836
9163815664
7867973555
9871194019
7708077216
9999635353
8545073663
9140445159
9444275199
9930032506
8010150351
6369212394
9486840567
9431600401
9330053219
9987081572
7494811606
7076418916
9843761975
8207490826
9946295010
8825773297
9566395095
9952634805
8838706393
9597492945
9443793999
9043513273
8667459707
9944808024
9360252812
8610827561
9445511006
9588428270
9051360017
9790449335
9791932561
9008200221
9741787719
9475399864
9755650065
9791078470
7470830388
9830776529
9491175839
7463850414
9650293175
8299502496
8946033897
8547870226
7699390950
7558723812
9794843561
9000545072
9725006385
9958862704
8007708555
9940669558
9414020884
8015770396
9831067613
8925442345
7208066020
9426012461
9461721695
9892582236
9093141422
7011282354
7498804397
8886956688
9902633997
8291516349
9490491718
7702206750
9823193590
7725969011
9353620989
9886411865
9874950878
9974556602
8527124421
9663948769
9958478343
8755288618
9726579972
9952256646
9942234189
9632098240
9826520206
9687668560
7008691819
8136987323
9146358641
8291166445
9142146003
9315113828
9944332721
9845981859
7874064157
9866283415
9885117630
8527972115
9149212744
7007952016
9890141416
9944533579
9833903055
9894800220
9810245308
9791122419
9466551938
8608970943
7827230298
6383450348
9899641518
9822957399
9752580055
9490671450
8107113136
9421700978
9600608758
8585000985
7095926999
7044949325
9909844344
9437153347
9895107592
9884489539
9047022114
9966192161
9820173451
9866505504
9969150699
9505252079
9845261809
9843613826
7396425431
8238040008
8874328862
9650017458
9880772126
9825743364
9899765149
9893415353
9820007199
9597411797
9810207735
7080125777
9711789063
8328690006
9811065032
9513114225
8971638975
9845087058
8789574310
7722012025
9007491468
9434531396
9845171625
9845030543
7829438056
9811983983
9426541392
9886330406
9441323559
9810472827
8800914222
9901014007
9650067154
9347132610
7200490050
8169674699
8007864109
7045634788
8088290060
9994626716
9818834761
6294327936
9700140347
9234511281
9384603811
9979854722
9080385030
8700098066
7709437805
7972610889
7249955955
8433767773
8901568444
9833693532
9062152255
6388801830
9051462339
9611059944
9310318025
9534086446
9148711122
9866516117
9849650518
9910588705
9443423139
9963252359
9182425234
9830701630
9437487571
9958200583
7369056405
9724730320
7722966275
9643807406
9440131417
8200396838
7569026853
7088370000
9716133381
9116374170
8638424258
9440515252
8700741932
9600095345
8975820336
7044072080
9952211350
9489871193
9177610901
9392523518
8779978324
7382654886
9829023637
9848090846
7617050041
9173092100
9872030765
9986113170
9361470225
7459967220
9969476583
8712128487
9819647502
9890047285
9789907992
7083054421
8445999000
9810727686
9519999683
9560331453
7980031276
9820807802
9424268821
6307250850
8755907950
7483079586
7488014918
9612482614
8007755455
9871492520
8919451850
8210068604
8925006315
9444044818
6369061582
7972599815
9558400657
9868537228
9910817588
9335710021
7350025338
8678978058
9744414409
7209279988
7339194675
6381048582
9965159598
6379737935
9486182805
6383956121
9080291143
9739284583
6369556418
7330630502
9025829069
9894689755
6381291951
8825941256
8778169747
9851152212
9943589107
9600671933
8056462625
6383069044
9080974507
9345889682
6379811426
7980573358
9003599805
6374668578
9383489708
8608265356
8778676172
9791274740
8957831434
6282885534
9744714941
7489505194
9080944513
8879589156
7904604818
9944072699
9048843448
8667717516
9361492262
9629874648
7676913327
9629976929
9003663261
8091086833
6374422476
9080224816
8610875926
9747300984
9121497500
9342199741
7871616312
9543223127
7868929771
9345747898
8825785897
9003887394
9791863649
9585316827
8667896824
9342143493
9511046955
8789330281
6382717275
6380442730
9003073184
9344299914
8824099201
9944147599
6207707193
9843558234
7397142529
6381147007
9965532442
9566384994
8778117761
7904420881
7708871212
9003624860
9486849384
9994545840
8270022332
9843310992
9894703406
6200919825
8667683239
9655281583
9080173579
6374823613
8500020274
6383874959
8755896556
8015106606
6369380943
9025980355
6374641913
8870857064
9188424236
9443777731
7339390094
9791416699
7702616514
9940326217
6374128823
8838719446
8072568831
9892715176
9952535107
7095387613
9626092479
9994851005
8610703013
7327829973
6369954154
9080557962
9717274509
7082720077
9786586168
8374735693
9843863879
9500363847
9625845699
9944179932
9080335395
6380807150
9597565918
9442411391
7010126092
7397184485
7708403595
7576867670
8700019470
9345674414
6380480135
7904720282
8220681480
7200285435
7010702422
8667561988
9952342711
8807029563
7845325887
9442943653
7200727365
6385333871
9994962244
8138841340
9384176639
9940789511
8610649400
9344433728
6382780499
9629414199
7397189400
8376827176
9899451099
9652879099
9425079241
9667479078
9919098404
9850803366
6303021321
7338212748
9945266590
9880332942
7013029400
9370798898
9442313710
9816817837
9919613217
9817343565
7526932579
9763199319
9842742535
9824476421
6201082270
9592498545
9850200960
9650683653
9837317201
9494222280
9739710999
9810497584
9426381600
9570208267
9790399544
7579465080
6364368637
9842278922
9969266218
8639004645
9411059104
9892773183
9651412620
9925431412
9246493981
7746877384
9234560718
8341256475
9022444148
9935768423
8108676665
9625060870
9840785986
9443542446
9816782799
9820333188
9157708277
9792101977
9789970460
9443687425
8447074737
6302111580
9440538470
9819531471
9491298289
7995727787
9810804712
9704889289
9849829992
8838925621
9832160563
7588184413
6358814440
7828909852
8507420632
9270823755
9173744247
9949099484
6306311799
7066080665
8800778999
9830353767
7702815409
9502225841
8826336344
7506990304
9324112961
9663638719
9810712646
9440740701
9447161119
9494401111
9625179945
9955519493
9850835753
9553283899
8851179722
8897750775
9833013533
7674827032
9442705303
9784607750
9660513969
8554903939
8447863337
8107195842
9473468401
9431740737
7987258065
7337490851
9560055525
9741088737
7718829761
9850313727
9655970773
8390813139
9448327875
7619440928
9422780224
8766388046
7294136411
9440137172
6290053917
6382631124
9885663824
7004844099
7738354646
9936443112
8084631065
9811766900
8128362785
8008130159
8179921998
8824824625
8121188620
9713338040
9999689460
9434776516
9345309695
8860371111
9149308365
9340797604
7667102730
8707478551
9958777404
9121405381
7506770269
9630000080
9846083082
9344107870
9001892991
9849605497
9958897400
8923672776
9982232927
7993297027
9741116432
9760554438
8380001341
8826120777
7388953137
9440215211
8308733483
9314124070
9370448905
9974064052
7827166798
8667575990
7042202590
9885295511
9899626075
9437578362
9475184417
9894824599
9412740295
9310425107
9885422372
9650709753
9347458270
8630289363
9849550308
9490068989
9810350918
9973534721
9627754378
9866400690
9512640051
9344323231
9682533645
9234602659
9215933456
7976310739
9810201873
9492047708
9491420377
9441644211
7792994274
9030057194
9810930189
8320892765
9440874999
7042754882
8800922846
8292413139
9831278184
9810221176
8849489843
9572881227
9818683797
9425282555
9453002991
9033099990
9417088890
9414087055
9360831964
9492689258
9330119860
8240607308
6304092466
9082743169
9945651891
8790570616
9560592450
9980056227
7379874757
8985163634
9811758714
8006539301
8281895170
9408547830
9714147561
9967211008
7758095284
9879524269
9028056808
7087529000
7671090736
9866659326
9176020365
9156903759
7011881346
7013933439
9994811192
9569808298
9705299909
9415817792
9765999923
7077707897
8418936608
9160999886
9486414460
9910983126
9425608219
9682533645
7015459756
8887878966
7016800779
9752452246
9490914276
9442549936
7830312070
9299005797
8667742847
7539962572
9940498029
7990506133
9491155894
9937000794
9042327117
9968282834
9845313775
8374127122
9158911408
9552553139
9977298554
8197549819
9944957609
9754310156
9353155136
6304942898
8618874479
9330265659
9434237351
9920068948
9825155017
9511804324
6205681080
8076226366
8299064090
9849151558
9310193226
9494486948
9820122429
9137805788
8619331417
9867501148
9845161307
6350065317
7597530104
8126158442
9810729401
9478789920
8095731462
9040083940
9451691762
9986081467
9422147595
7745970502
9441923768
9112266938
9377710197
9205059510
9820159220
9496486995
7020110231
9909994223
9006917477
9082601149
9818334431
9000812555
9159427102
9650597802
9810271933
7373210482
9900234135
9785334455
9905742869
9258709450
9893922177
9336272966
9440934356
9967350258
7463092083
9866338726
9142563415
7877295588
8555097099
9959524317
9686977050
9908016130
9848924555
9434791386
7837700409
8619483652
9907347838
9315801724
9360229350
9966257558
9980168208
9440509595
9425111678
9736232323
8124192930
8708529825
7826006900
9689825872
9994462250
9869577308
9446178477
9848108803
9119557566
7478311819
9422861645
9993374777
9829015364
9820189121
9811032433
9560666779
8793797502
7337332782
9790814705
9824017993
9110468026
9810075921
9974067306
7032155535
9425604903
9896351342
9561084333
6301468767
7396102093
9650111325
9488510171
9414279757
7634944588
9546281166
7388935340
9326334188
6382965056
9989819633
9451904432
9835116458
6203161685
9376225669
9845595436
7337356171
7981693128
9868643676
9445181384
9392665018
9848157228
8178635660
7708604667
9308572585
9440273436
7693838104
8431524149
9650773495
9493221145
7660815250
7734912810
9717630902
8299247501
9866959111
9885750476
9949418100
9849078197
9441819535
9837026365
9836464473
7337005456
9994981234
9060020631
9650010194
7976330331
8317549235
7013431169
9422017478
9407950787
8788090424
9840051038
7558732046
9989930008
9818494230
9890632894
9665990101
7898654438
9997093071
9411912954
9872865496
9494948785
9994275586
9899105290
8192800301
7398842294
6377614478
9437286444
6369255668
9435172951
9491363012
9310741971
9711670277
9848198800
9811814731
9764822832
8318426763
9967794752
7386654151
9469150180
9324013727
8299670107
9999211220
9822374104
7488868373
9830191865
9373188913
9971540432
8375031606
9673338891
8332910484
9258024909
7505971807
9210641819
9849792063
9413272891
9985121242
9497824090
8077197758
8886833313
9413344624
9922941512
9487744864
9601131088
7261856401
7067940410
9940253212
9443461320
9913098450
9994848910
8056014543
9841145873
8238021123
9900113835
9847802957
9896073866
9350015623
9810368415
9416447297
7507123377
7798236360
9849331126
9406663215
6395501155
9766899270
9731442230
9811174465
9560108484
7004617120
9414277848
9412646988
9345002788
9417443434
8466903444
9523446102
9818445970
9672543405
9441500145
9829092408
9540134403
9490443490
9690674411
9560291863
8072830262
9574235557
6394676860
9425954215
9421903902
9334488456
9937295539
9897365381
8340276739
9902341468
9811131597
8527111778
7979936277
9937886194
8448052074
9415292785
9841025927
9848939193
9949357980
9440166451
9868721939
9843760099
8121399979
7032676101
9425540119
9702407644
7983385088
8126618849
8489995294
8529754234
8684963363
7470914270
9145492354
9415486258
9871532166
9782246608
9336112284
8383058585
9971295830
9099004115
9403355932
8074498067
8790630022
8778516239
8700113840
9990005663
9504888880
8002265977
9051671212
9811815923
9116122503
7639259035
9911118325
9030708674
9899766670
9110243389
9528287478
8289838477
9915502453
7898919451
8317543497
9314712000
9972351650
7989979826
9316172582
9811374737
9936002024
6381279256
8811080750
9444983533
9441332259
8938018747
9850304774
9971888472
9820900603
9600015690
9819648070
9113722428
9956448999
9492888341
7709011448
9036064460
9835260703
8178798291
9958144225
9934415260
9491119904
9976065311
7994443264
9901814531
7903470596
9198352099
9110646618
9701867353
9661176482
8156961884
9324984564
7800111323
9860767300
8500772327
9060495909
9075188737
7990032473
8499985654
9440182157
8072213263
9845130798
7000878837
8002375600
9884226762
9492330403
9811880462
9029975127
7904860756
9015354778
7799761111
9989795505
6232882564
9918440862
7839384688
9618833567
8853758107
8331806224
6303411729
9100440940
9849615672
9351120090
9651706106
9949442525
9881692021
7631762877
8888127272
8830545823
9377715418
8527399518
6381087707
7003211662
7033864770
9848158500
9334066657
8610532303
8886997744
8583923502
9959574000
8879611467
8295910018
6302366610
9347032690
7481999257
7007169909
9099999309
9900181316
9573386191
8376050742
8109104522
9866767879
9814221894
8769602993
9246999833
9670693888
9810379321
7678152811
9810379321
9523345112
8877703170
9440017555
6204216641
7310433129
9425916380
9158005645
7055753675
9971058277
9987590841
9633013638
9440280063
8630121199
7368999995
8341425483
9760862630
8968222460
8839278241
9416391108
7988667338
9309102858
9999441776
7804962594
7875381206
9989932611
7906467152
7983708076
9712978884
9440689848
9922992345
8595509255
8968628884
9082118928
9444726350
9585425032
8839290286
7206599947
7007294971
7087600888
9892377743
6200415243
9777457222
9910547844
8016011005
9130194311
7011974027
8210329407
9031880422
9079819492
9828161644
9604894970
7984025360
8077579500
9214424997
9884258436
7838475639
9652089996
8919603391
9416380124
9894614521
9000993773
6304000697
9063423739
8500153999
7091506031
7337497566
9032223383
8739893487
7003989552
9446822599
9488996313
8882509813
9993103445
9925230040
9384244450
9618246136
7045569350
8175866601
9718383989
9675063487
9264478144
9725181842
9415800862
9740249191
9449598063
7544004044
9444022088
7643839999
9335057091
8840470273
9872436249
9559549333
9934099200
9831041390
9625091963
9620337788
9250003100
8850942593
9462255057
8754873425
8355981458
8220401999
9732999929
9381719925
9902726339
8448960779
9414130248
9546958803
7701966868
9870025171
9588736606
9910188910
9881091426
7204856538
9898354760
9903370376
9548165996
8700647360
7024261804
8439846858
9445390066
8681932116
9898354627
7019106302
9392841359
9080845565
8700328027
9898313147
9849061928
9937319779
9415115103
9679584244
9998213691
9512300515
8882463818
6301680774
9703377966
9490924872
9620754111
7574801990
9313514185
8073470715
9711130067
9822299550
8319378891
9866654171
9825019156
9908080841
9810829620
9323634074
7075494127
9879592194
9789897069
9247460929
9920740908
9869007394
9198080145
9811591068
9722177237
9972552730
7045055010
9959099935
9493649020
9971813330
9717635852
9473612834
8422035999
7702775063
9428837567
9447202055
9831198338
9825049376
9930910609
9966054803
8745009999
9845180294
8008559817
9492111198
9769331485
6309243787
9413238711
9320214177
9428821854
9947942464
7875477860
9676836767
9542103323
8684887265
9594073652
8920894182
9848184443
9414000980
8328019237
9825611887
9601302121
9049337368
9880296980
7045484351
9895110906
9925103499
7259935492
8154910122
9901922247
9646020159
7339991797
9930878364
8789530525
8607167572
9597182231
8317695419
9443366774
9158919606
9010029029
9820578567
9493741694
8074134250
7709819535
9392677775
9822221888
9999766026
9654170808
9431018964
9426977643
9951416999
8919688001
7904522278
9054977643
9777096737
9850339162
8879523391
7448369257
9816511067
8789914796
6378642238
8765137347
8076978615
8849304891
8220857809
9810256992
8271392222
7887219990
7702156899
9109118467
9493322049
9711919783
9594508673
9490441313
8603678975
9650844145
8072640577
6238002184
9495794273
7583804843
7978669149
9777242046
8074347817
8718807762
7455914240
9490941262
7404640271
7633995380
9966528439
9740395990
9422873676
6300926242
9948483000
9110716509
8919588288
9487825240
9903027851
8074348669
7798475500
9977456800
9450720915
9959541983
9441444968
9798715846
9879460033
9890062182
9962402939
7988484102
9895345318
9908548560
9493123295
7567238267
7001227532
9842205227
9901123386
7330697707
7893810899
7760973763
7598099483
7301742128
8510846250
7095063492
9447368644
9585921379
9687607759
9592008283
9414309683
9204058752
7569696188
8376827176
9412973726
9899451099
9652879099
9425079241
9667479078
9919098404
9850803366
6303021321
7338212748
9945266590
9880332942
7013029400
9370798898
9442313710
9816817837
9919613217
9817343565
7526932579
9763199319
9842742535
9824476421
6201082270
9592498545
9850200960
9650683653
9837317201
9494222280
9739710999
9810497584
9426381600
9570208267
9790399544
7579465080
6364368637
9842278922
9969266218
8639004645
9411059104
9892773183
9651412620
9925431412
9246493981
7746877384
9234560718
8341256475
9022444148
9935768423
8108676665
9625060870
9840785986
9443542446
9816782799
9820333188
9157708277
9792101977
9789970460
9443687425
8447074737
6302111580
9440538470
9819531471
9491298289
7995727787
9810804712
9704889289
9849829992
8838925621
9832160563
7588184413
6358814440
7828909852
8507420632
9270823755
9173744247
9949099484
6306311799
7066080665
8800778999
9830353767
7702815409
9502225841
8826336344
7506990304
9324112961
9663638719
9810712646
9440740701
9447161119
9494401111
9625179945
9955519493
9850835753
9553283899
8851179722
8897750775
9833013533
7674827032
9442705303
9784607750
9660513969
8554903939
8447863337
8107195842
9473468401
9431740737
7987258065
7337490851
9560055525
9741088737
7718829761
9850313727
9655970773
8390813139
9448327875
7619440928
9422780224
8766388046
7294136411
9440137172
6290053917
6382631124
9885663824
7004844099
7738354646
9936443112
8084631065
9811766900
8128362785
8008130159
8179921998
8824824625
8121188620
9713338040
9999689460
9434776516
9345309695
8860371111
9149308365
9340797604
7667102730
8707478551
9958777404
9121405381
7506770269
9630000080
9846083082
9344107870
9001892991
9849605497
9958897400
8923672776
9982232927
7993297027
9741116432
9760554438
8380001341
8826120777
7388953137
9440215211
8308733483
9314124070
9370448905
9974064052
7827166798
8667575990
7042202590
9885295511
9899626075
9437578362
9475184417
9894824599
9412740295
9310425107
9885422372
9650709753
9347458270
8630289363
9849550308
9490068989
9810350918
9973534721
9627754378
9866400690
9512640051
9344323231
9682533645
9234602659
9215933456
7976310739
9810201873
9492047708
9491420377
9441644211
7792994274
9030057194
8896500500
9372561590
7017114745
9985056285
9079524365
8106028169
7799874225
9848313858
9534716110
9900142993
9247259703
7799162815
8448567811
7506061821
7989124474
9490469181
9880193648
9824210101
8949289030
9488342021
6301481120
9811031196
9381053723
6239084778
7231984270
9442453861
9985509229
9835848120
9824533304
8688449979
8558855781
7488431135
9667431417
9034543543
9717098701
9440585988
7798928869
9550223947
8688678888
9328002381
9849909163
9880079601
7070370511
9818941865
8980502661
7803060852
9445909063
9168932539
9167259682
7408056522
9811312135
9443748870
9989314668
8800606276
8340472240
9340123126
9600102915
9545339751
9984146190
9443377638
7994311789
8826509991
7020057554
9441096214
9205382196
8302911818
9410390213
9971337139
7042403499
8872247394
8860070425
7972545690
9160113888
9742527520
9868260095
9033935876
7223999625
9811909717
9608282015
9415090090
9521650616
9752374031
9989015749
8826663576
9493986421
9313439553
7033589403
8639237445
9989786359
9118861141
9407981396
8825905019
9881136146
9885154044
8319627970
7715984419
9821340350
9742205458
8149076503
8080628251
9414441411
9392855083
7905648333
7061150063
6281218138
8709337513
9462255556
9638481907
9899996881
9920242407
8374889979
7981735979
9885832739
9566197590
9443596115
7668337161
9943559395
9431330840
9487489233
7903902819
8871937873
8520038817
9966066596
9488494259
9664315458
8650547233
9837053141
7376016365
6301640380
9866818369
7981311483
9823587176
9910998453
9214461329
9772061329
9472454110
8421450006
7810095845
9414514115
9799296488
6364650644
9810930189
8320892765
9440874999
7042754882
8800922846
8292413139
9831278184
9810221176
8849489843
9572881227
9818683797
9843421429
7349931344
9397851484
7599054445
8754231856
7870150434
9418061810
8754638030
7060901066
9400059544
9831088284
9425282555
9453002991
9033099990
9417088890
9414087055
9360831964
9492689258
9330119860
8240607308
6304092466
9082743169
9945651891
8790570616
9560592450
9980056227
7379874757
8985163634
9811758714
8006539301
8281895170
9408547830
9714147561
9967211008
7758095284
9879524269
9028056808
7087529000
7671090736
9866659326
9176020365
9156903759
7011881346
7013933439
9994811192
9569808298
9705299909
9415817792
9765999923
7077707897
8418936608
9160999886
9486414460
9910983126
9425608219
9682533645
7015459756
8887878966
7016800779
9752452246
9490914276
9919248388
9848571620
9958903828
9392394683
8946095375
9704474364
7897747360
7668661906
9167037799
9734469229
8157057604
9947269031
7042264912
9080143829
9212972287
9461694879
9500777781
9011089828
9440235136
7780562134
9824175488
9825099663
9492433257
7978615007
9404835730
9654972350
9705291470
9973445612
9949369643
9873019824
9810529340
7701890980
9182135995
6202577291
9372542521
9676474949
8668277417
9163311995
9312574908
7850038980
9431472185
8306577352
9951416142
9972004455
9595958843
9248729555
9422446370
9442549936
7830312070
9299005797
8667742847
7539962572
9940498029
7990506133
9491155894
9937000794
9042327117
9968282834
9845313775
9515124067
8178741001
8651434917
9942731308
8367687999
9911642908
8374127122
9158911408
9552553139
9977298554
8197549819
9944957609
9754310156
9353155136
6304942898
8618874479
9330265659
9434237351
9920068948
9825155017
9511804324
6205681080
8076226366
8299064090
9849151558
9310193226
9494486948
9820122429
9137805788
8619331417
9867501148
9845161307
6350065317
7597530104
8126158442
9810729401
9478789920
8095731462
9040083940
9451691762
9986081467
9422147595
7745970502
9441923768
9112266938
9377710197
9205059510
9820159220
9496486995
7020110231
9909994223
9006917477
9082601149
9818334431
9000812555
9159427102
9650597802
9810271933
7373210482
9900234135
9785334455
9905742869
9258709450
9893922177
9336272966
9440934356
9967350258
7463092083
9866338726
9142563415
7877295588
8555097099
9959524317
9686977050
9908016130
9848924555
9434791386
7837700409
8619483652
9907347838
9315801724
9360229350
9966257558
9980168208
9440509595
9425111678
9736232323
8124192930
8708529825
7826006900
9689825872
9994462250
9869577308
9446178477
9848108803
9119557566
7478311819
9422861645
9993374777
9829015364
9820189121
9811032433
9560666779
8793797502
7337332782
9790814705
9824017993
9110468026
9810075921
9974067306
7032155535
9425604903
9896351342
9561084333
6301468767
7396102093
9650111325
9488510171
9414279757
7634944588
9546281166
7388935340
9326334188
6382965056
9989819633
9451904432
9835116458
6203161685
9376225669
9845595436
7337356171
7981693128
9868643676
9445181384
9392665018
9848157228
8178635660
7708604667
9308572585
9440273436
7693838104
8431524149
9650773495
9493221145
7660815250
7734912810
9717630902
8299247501
9866959111
9885750476
9949418100
9849078197
9441819535
9837026365
9836464473
7337005456
9994981234
9060020631
9650010194
7976330331
8317549235
7013431169
9422017478
9407950787
8788090424
9840051038
7558732046
9989930008
9818494230
9890632894
9665990101
7898654438
9997093071
9411912954
9872865496
9494948785
9994275586
9899105290
8192800301
7398842294
6377614478
9437286444
6369255668
9435172951
9491363012
9310741971
9711670277
9848198800
9811814731
9764822832
8318426763
9967794752
7386654151
9469150180
9324013727
8299670107
9999211220
9822374104
7488868373
9830191865
9373188913
9971540432
8375031606
9673338891
8332910484
9258024909
7505971807
9210641819
9849792063
9413272891
9985121242
9497824090
8077197758
8886833313
9413344624
9922941512
9487744864
9601131088
7261856401
7067940410
9940253212
9443461320
9913098450
9994848910
8056014543
9841145873
8238021123
9900113835
9847802957
9896073866
9350015623
9810368415
9416447297
7507123377
7798236360
9849331126
9406663215
6395501155
9766899270
9731442230
9811174465
9560108484
7004617120
9414277848
9412646988
9345002788
9417443434
8466903444
9523446102
9818445970
9672543405
9441500145
9829092408
9540134403
9490443490
9690674411
9560291863
8072830262
9574235557
6394676860
9425954215
9421903902
9334488456
9937295539
9897365381
8340276739
9902341468
9811131597
8527111778
7979936277
9937886194
8448052074
9415292785
9841025927
9848939193
9949357980
9440166451
9868721939
9843760099
8121399979
7032676101
9425540119
9702407644
7983385088
8126618849
8489995294
8529754234
8684963363
7470914270
9145492354
9415486258
9871532166
9782246608
9336112284
8383058585
9971295830
9099004115
9403355932
8074498067
8790630022
8778516239
8700113840
9990005663
9504888880
8002265977
9051671212
9811815923
9116122503
7639259035
9911118325
9030708674
9899766670
9110243389
9528287478
8289838477
9915502453
7898919451
8317543497
9314712000
9972351650
7989979826
9316172582
9811374737
9936002024
6381279256
8811080750
9444983533
9441332259
8938018747
9850304774
9971888472
9820900603
9600015690
9819648070
9113722428
9956448999
9492888341
7709011448
9036064460
9835260703
8178798291
9958144225
9934415260
9491119904
9976065311
7994443264
9901814531
7903470596
9198352099
9110646618
9701867353
9661176482
8156961884
9324984564
7800111323
9860767300
8500772327
9060495909
9075188737
7990032473
8499985654
9440182157
8072213263
9845130798
7000878837
8002375600
9884226762
9492330403
9811880462
9029975127
7904860756
9015354778
7799761111
9989795505
6232882564
9918440862
7839384688
9618833567
8853758107
8331806224
6303411729
9100440940
9849615672
9351120090
9651706106
9949442525
9881692021
7631762877
8888127272
8830545823
9377715418
8527399518
6381087707
7003211662
7033864770
9848158500
9334066657
8610532303
8886997744
8583923502
9959574000
8879611467
8295910018
6302366610
9347032690
7481999257
7007169909
9099999309
9900181316
9573386191
8376050742
8109104522
9866767879
9814221894
8769602993
9246999833
9670693888
9810379321
7678152811
9810379321
9523345112
8877703170
9440017555
6204216641
7310433129
9425916380
9158005645
7055753675
9971058277
9987590841
9633013638
9440280063
8630121199
7368999995
8341425483
9760862630
8968222460
8839278241
9416391108
7988667338
9309102858
9999441776
7804962594
7875381206
9989932611
7906467152
7983708076
9712978884
9440689848
9922992345
8595509255
8968628884
9082118928
9444726350
9585425032
8839290286
7206599947
7007294971
7087600888
9892377743
6200415243
9777457222
9910547844
8016011005
9130194311
7011974027
8210329407
9031880422
9079819492
9828161644
9604894970
7984025360
8077579500
9214424997
9884258436
7838475639
9652089996
8919603391
9416380124
9894614521
9000993773
6304000697
9063423739
8500153999
7091506031
7337497566
9032223383
8739893487
7003989552
9446822599
9488996313
8882509813
9993103445
9925230040
9384244450
9618246136
7045569350
8175866601
9718383989
9675063487
9264478144
9725181842
9415800862
9740249191
9449598063
7544004044
9845420665
8511767813
8790676868
9647272456
7893241844
7408811593
6264837600
9994752008
7593044090
8076366628
9775997470
9536539018
9880647476
9631220680
9171931717
8249440499
9513474576
9969452690
7617217409
9866565847
9890797757
9969228521
9064224899
7898797679
9490343474
9463604346
9416296521
9818706377
9328556238
9989562333
8226004440
7281948899
8669753057
8527571515
9823185963
9831745152
8851929659
8218736526
9392788888
9871106558
7389929205
9425537203
9979866007
8897499977
9819106292
7601043467
9928933623
8979763398
9034685368
9118694160
9823020286
8586965409
8310021485
9833696184
8383813618
7569333845
8619550047
8639275209
7893000335
9414075092
7386863636
9390497019
9025667712
7822099787
9940366564
8390917555
9929655653
9890767623
9784733648
9711008423
7413981580
9024744955
9818383208
8769754038
8840402808
9443967567
9717125390
9632971558
7004492009
9413692465
9836121664
7007935501
9521427601
9443430247
7976432440
7977079388
9416514450
9938653370
7045869062
7428016249
8219365031
7259594971
9436843882
9790005121
9676236844
9177646537
9849935818
8887659394
9500070616
9910917902
8266058898
8104724677
9840965157
9731730700
9821339779
9177184455
9440869934
8527391306
9440293910
8511499150
9609011775
8903540701
7091197990
7004731866
9826187756
9499058410
9445979320
9886363226
9818335049
9948043662
9510149843
8850059944
8754956161
8920262983
9945561769
9650044886
9447140962
9398109176
9842221857
9407981014
9828043637
9248653345
8091400004
9082895053
9610156963
9873720522
9100643608
7070457784
7989149591
9448247857
8850928667
9999431385
9972914295
9121322504
9810215599
9742850003
9407197355
8390251522
9742050654
9949119995
9448115859
7898349847
9920872321
9137386398
8168184650
9989168838
9425551122
9693354872
8937050555
6309335938
9901893665
9729042021
9414441411
9840366889
9849351936
9873702312
9985309441
9440749485
9096854970
9441271017
9421591567
7499133930
9958124448
9868539578
8685022838
7013102471
8104933093
9425190348
9324175137
9769128526
9956165826
9743352828
9400420719
9493123084
9390040880
9428207207
8374774670
9845183251
8209403864
8459889905
9730085185
7988204539
9441277278
9041099500
7259514660
9940084982
9470983306
9490478945
8319897711
9868569597
9785086656
9949852621
9849081729
7013041238
9978985154
9811266092
8873270663
9673166370
8368468984
9925805588
9891178968
6380292614
9307099927
8877764808
9460512369
6359247355
9729020606
9600096009
7042357950
9068295533
9151596299
9850428124
9557899407
8825135009
8000371256
9799119519
7995165557
8955548889
7624903339
9425137499
9636316858
9454304060
8090241924
8930945678
9021505524
9441320665
8341131996
9655208704
7782923530
9468886051
9324336306
8690920848
9810057660
9866088389
7981942102
9845537328
9248136444
9987671309
9849371588
9905749124
8521882788
9483512211
9640683149
9663964816
9849773724
9429641426
9437280124
9926363987
9004474812
6309549156
9350957908
9611694252
9167027374
7020454879
8074781322
9441528340
8248169550
9810199783
7753981555
8433126881
9443228460
9711137796
8000223917
7017668010
7992441419
9443249996
7484924722
8408060679
6205468356
9072353034
9391055111
9177743939
7015850755
7330696464
8080687629
9820947882
9304330624
8126882790
9110728813
7000255258
9729949409
6203658835
9752150070
9581623763
9298406500
9540540232
7396333345
9919599141
9473810205
9870995987
9989948699
9849444427
9404272772
8999093736
9838934925
7597175305
9689621868
9052894444
9869388450
9538294040
9503339757
9559566795
6386913347
9696602724
9650253835
8982303600
9446607878
9656620522
9855579760
7279879999
7505748330
9810441300
8409080793
6302526126
9729009690
9910352432
7490034633
9639917439
9922433560
7901222267
9693007146
9810048269
9172999990
9824534832
7703802740
7357498147
9215880013
9347366080
9643114304
9441492433
7309901263
9182283535
9640566617
9871127773
9344562760
9133116291
8500114563
9848376276
9910780862
9975329507
7096641884
9894294209
9381821847
9283418686
9622443344
9435039820
9822025827
9985567804
9422768099
9000918396
6281919183
9719637216
7902355430
9346869142
9829088906
9585529413
9643114304
9831054305
9454304060
8059844250
9910045641
8800908242
9131648947
9650734442
7683054773
7680016829
9444022088
7643839999
9335057091
8840470273
9872436249
9559549333
9934099200
9831041390
9625091963
9620337788
9250003100
8850942593
9462255057
8754873425
8355981458
8220401999
9732999929
9381719925
9902726339
8448960779
9414130248
9546958803
7701966868
9870025171
9588736606
9910188910
9881091426
7204856538
9898354760
9903370376
9548165996
8700647360
7024261804
8527098627
9673926998
7349637484
9866389000
9605889520
8860925456
8978846141
9815616747
6395362657
7004697845
9451915458
9417076721
7906485543
7681011863
9910154500
9830160905
9491310568
9441489979
7988653461
9003773489
6203493372
9443377851
6381064958
8860290907
9065518755
9611763510
8439846858
9445390066
8681932116
9898354627
7019106302
9392841359
9080845565
8700328027
9898313147
9849061928
9937319779
9415115103
9679584244
9998213691
9512300515
8882463818
6301680774
9703377966
9490924872
9620754111
7574801990
9313514185
8073470715
9711130067
9822299550
8319378891
9866654171
9825019156
9908080841
9810829620
9323634074
7075494127
9879592194
9789897069
9247460929
9920740908
9869007394
9198080145
9811591068
9722177237
9972552730
7045055010
9959099935
9493649020
9971813330
9717635852
9473612834
8422035999
7702775063
9428837567
9447202055
9831198338
9825049376
9930910609
9966054803
8745009999
9845180294
8008559817
9492111198
9769331485
6309243787
9413238711
9320214177
9428821854
9947942464
7875477860
9676836767
9542103323
8684887265
9594073652
8920894182
9848184443
9414000980
8328019237
9825611887
9601302121
9049337368
9880296980
7045484351
9895110906
9925103499
7259935492
8154910122
9901922247
9646020159
7339991797
9930878364
8789530525
8607167572
9597182231
8317695419
9443366774
9158919606
9010029029
9820578567
9493741694
8074134250
7709819535
9392677775
9822221888
9999766026
9654170808
9431018964
9426977643
9951416999
8919688001
7904522278
9054977643
9777096737
9850339162
8879523391
7448369257
9816511067
8789914796
6378642238
8765137347
8076978615
8849304891
8220857809
9810256992
8271392222
7887219990
7702156899
9109118467
9493322049
9711919783
9594508673
9490441313
8603678975
9650844145
8072640577
6238002184
9495794273
7583804843
7978669149
9777242046
8074347817
8718807762
7455914240
9490941262
7404640271
7633995380
9966528439
9740395990
9422873676
6300926242
9948483000
9110716509
8919588288
9487825240
9903027851
8074348669
7798475500
9977456800
9450720915
9959541983
9441444968
9798715846
9879460033
9890062182
9962402939
7988484102
9895345318
9908548560
9493123295
7567238267
7223880689
8197770385
9422493573
9828096687
8861561688
9739199982
9815322776
7905396724
8780467253
9472394251
9824526626
8010635348
9886582229
8698000154
8798039667
9650980444
8008057799
6238857180
9425188669
9811476261
7558255237
9838020206
9965432605
9546553614
9748992311
9353727189
7004874480
8295905237
8287315970
7598027706
9999401094
6309877033
9885103789
9032088211
7728820362
8936041136
9246340159
9946662325
9574857105
9983652516
8779584614
9920538023
7995255855
8431615084
7011224520
9148972848
8220152053
8861586258
9493925959
9866639440
8200426988
9866155092
9730666669
8076190369
9440364199
9892057830
9949296135
8096288054
9871092619
9456444755
9866485551
9182146424
8827112721
8859903222
8296264640
9701150840
9476316130
9392178833
9701245679
9925702630
9820980844
7800313734
9495244831
7499101586
7479569786
9508739755
9450625010
7388339828
8178099300
6376271102
7906322184
9426513426
9818371863
9372824609
9677348301
8276808858
9884054506
9177790333
7491845442
9868481484
9351521207
9885662596
8886122006
9995886987
7058387125
8816018854
6360516006
8008735026
9740244705
7676791010
8392947776
9695522771
9980326540
9867307715
9890941334
9448726439
7353052200
7001227532
9842205227
9901123386
7330697707
7893810899
7760973763
7598099483
7301742128
8510846250
7095063492
9447368644
9585921379
9687607759
9592008283
9414309683
9204058752
7569696188
9830475309
9849682700
9443540555
8431519411
9822058240
9894104758
9001029949
7042922447
9434346323
9966600416
